{"@class":"BaseScene","id":{"uuid":"D92E5687-066A-4B95-AC18-91513232F0D0"},"name":"Level","nodes":[{"@class":"BaseNode","object3D":{"@class":"BaseObject3D","id":{"uuid":"A4EC412D-CC0B-473A-8672-A2F789EB3632"},"name":"UserRootObject","enabled":true,"visible":false,"hitVisible":true,"transform":{"@class":"BaseComponentTransformable","localTransforms":{"values":[1.0,0.0,0.0,0.0,0.0,1.0,0.0,0.0,0.0,0.0,1.0,0.0,0.0,0.0,0.0,1.0]}},"metadata":{"importedIdentifier":"","importedName":"","isBone":false}},"children":["6BB137DF-1883-4714-8B94-235C8436EF4D","7AE44A81-6E53-4FC2-A185-F1B82BD94513","FD9634A6-8231-464D-98CF-063F571D1173","650F19A1-4099-4A86-8EC2-B17EF4B0CD1E","33504991-A75E-4E14-A940-6E20B4A552DF","8AAA53F7-562D-48C1-AA80-33DE7B420B63","D8695EBE-E579-4C25-95A3-76F44609C884","C5DAACD7-3633-44D3-B7D2-A0CA2FCC3DB3","90605EB1-3AE2-4122-98BB-2DA421000276","F3E480C1-64C4-4F00-9E20-85D44F6A150C","2E53230F-3631-4A55-BC8B-7257C5B4DA4E","43DFE33F-FC4B-4176-BA00-ABF2F3F3404E","8D67507D-3363-420C-BFD5-32D1208255E0","88FBD17E-157B-4167-A365-3041A18D382D","A81B5F85-B5FC-4DD6-AB83-9A9DAE9DFC7E","96EAE5EE-DC46-43AB-8B53-01231C3AA9AB","BB5B1C98-E04F-4DD2-9D43-5B576147DEEF","D6B1448C-9A5A-46F3-96F5-3347BDDCBEB3","DCBD0433-942C-48AB-86A0-6C43951C6A54","3A11468E-9768-44BF-8684-3E030FCADE00","8E3941A1-EB98-420D-9E6E-A3E72DA72A3B","2229C947-6CD7-42E7-8A35-44E32A75AAE9","BA129C2E-EA6E-4C0E-8AB7-09E5BEB20068","7DAFB07F-5EE7-4B0E-A24E-0E541698BFBF","D32F7B62-DDEA-4717-BC48-FE74864894B3","03FE728F-971D-4B02-BFAC-F14D3B0E968E","EAD13981-C2AE-4051-84B2-07486445D347","53FAA8BE-0A03-41BD-BDDC-BA3C3D74C0E4","6186BF2B-64A7-417C-BAC4-D14C65DE8C4B","C7113460-C21B-4959-BD4B-C755958CDD10","E63BCB95-EBC1-412F-86DD-FF8F746C0112","99E9FBC4-3909-487F-A5D8-B21387E57BB3","E9695D75-1701-41F1-A9C4-F8B5362C2708","872F9EF6-0E2B-4C18-B41F-9CA9D299573A","627CDA91-A98B-420A-99B6-9138144D7A99","49640052-8394-472F-81E6-7A01ABBA2E66","A36009C5-E061-44F2-BBE4-4DA1E3BCB91A","C94DDB85-3A56-49E1-BB84-AFE16BAA785C","6F601634-E1E4-420D-B717-5D01CC018A94","3E7C43DB-CCC5-4246-B687-5DE5E78264EE","E8DD5E74-2781-44C9-BAE2-2C7E0714B6D7","CEDF0616-A86E-4B91-8B65-0554002B380F","E036ED3B-681C-4498-A540-8D0F19EFFD23","EB06A621-0EBD-4BCC-9091-1EDB5DBD58A0","928DC7C1-4333-4325-9745-1A418B6B0C26","6CC4B4AF-F098-40AA-8D3D-C0C91C5D2821","17AF2B23-F26D-4BD2-A64F-AFA61867102D","73C86307-0B91-4CDB-B5E7-4D8C23463001","8F899CF6-7D03-4283-A37D-573803F5DB5A","83ED5946-7281-46C5-A4B1-F9310AC0B2A7","CED7C6E5-5ED7-4967-B478-3DFADF7E8724","E0C8BD59-7424-4FD7-8D93-9A1CF987A7D8","A8BEF911-51FD-4682-A56C-B0188B285E61","407B2E07-A580-48AB-A6D4-0449984DD8DA","CAFC2FFF-CAC3-4B44-934A-D341C7D99996","35655A40-576C-4CBC-B98C-A61AE93567BE","7BC59C01-8108-40C1-ACE8-B1DDC4358FFF","C68F2EA8-7C4E-4920-8B6F-DB8373513154","3490D4AA-402E-4092-AC67-45D0D1AE2B0B","C060406E-F147-4DA4-8013-926EF9D4C95D","05BE02CA-7C6A-491B-B312-E3FFA34E9C01","ABBF87E9-B2C0-4425-917E-B135131C9D1A","89E08F29-BA1D-4AD2-9853-D72EB9C607CE","521555A5-5620-40FC-B80D-0B6B7C445B05","9D81388F-3E1A-4430-B840-302607D1BF9F","E912730A-012D-4DAA-97C7-B0170BD62839","29C42FAB-9D86-47E8-8ED1-5E05C85F71EE","59FD7CC1-979B-41F2-99A5-B74EE6670F94","605E5ADA-1726-43AF-BA7F-082915698FE6","7C45C20A-CEB8-4C8E-B502-508CB9B8BAC4","9AD23119-5669-4640-B370-5C86466EF821","EEF32742-31FE-41C2-A6FB-A6E5C57AA187","B8C7C37D-B979-4229-96C6-8CDE6E694F16","A549CC63-C260-4396-AB97-ADC1DDCE980F","689D3938-2CC3-4DD0-881D-4EBBFA77C5AC","2C3D3187-ED83-4933-952D-A65CCBB01A86","7E82A12E-A36C-447E-BB81-82B0AD171601","EA6EC721-FF05-459C-863C-1245A83E7B74","8FD06A96-6886-4F49-AEED-E008F0A28C80","BC70AB9A-D6E9-48E7-AC6A-527D5A06DA06","B5444EAF-3E9F-49A4-9CDD-1502144929D5","78488A96-9EC7-4DC9-96E6-833D6F533738","F6205E24-2A80-4968-AFA0-9B7D61E579B1","594690B7-A2E1-4332-B8F4-15011A7D235E","B3840A31-9EDB-4378-902E-48A611A7C90D","F289BAA1-5D4A-4AD8-8E4E-148E4013E242","719814E4-4336-4D76-BC6A-1381D54A5C73","1D173CCC-6C4B-47EF-B892-9A3513D8BB3D","649EC334-7D8A-4099-ABB7-84BFCD111E63","2C533074-7B78-4D71-AD22-1D25CF88CFFE","CAAB0A2A-B228-4399-B244-7D504A4D0EB5","EFF6E667-B484-4BF6-AE27-693396D61E5D","221EC681-BC20-4C86-8ADC-D6CD0EE5320B","A2F1E16F-1098-43F6-8F31-261EA6E950EA","87E0911D-0A30-4755-B7BF-C389B16F2C37","A6539245-CCA3-4B18-80EB-4F290C11BA45","27DB7601-8C59-4B62-9832-B7F1F0652300","A0AF4FE4-AFDE-4417-830E-1476E41CD47F","E6A72C7B-5063-4B04-83B8-DF57B4D20CAD","FA0D24A5-6785-4C65-82ED-1B522803DBFE","9B408AE4-E6DB-448C-9FEE-41E217680174","FF9D392D-7F51-48E5-B548-6DE41A1F9F24","945D3867-1016-4DC1-86BC-59BC8DC8399D","90C29F18-CFE4-4A89-9D6C-7953B1366E79","F89D0BEB-00FE-4BBA-AFD5-9E979EBF0BB0","502F4D25-18E5-4679-A55E-8DA525462BDD","97F64DB7-B5E9-4687-A4D2-9DF11434E6CA","708F93A7-BBD0-49F1-8E74-13BDB6B1C351","FC6A5D42-3422-41CF-85A5-563784B6C068","8191079F-A1B1-40D2-973C-D6557F4BC61D","532325FC-4E82-41D0-A676-648439FA4691","73EC923C-3D20-42B3-B43B-2E778B03A833","E01583EA-4259-4FAC-929E-36023B81B78A","5DDFF29E-4859-4F34-B8C8-A2C9BB7433DD","27910839-53BC-436C-820E-45AC50A2D3F5","7F756203-AEF9-4100-980E-9F1BA3D58BBB","A87CF623-FB0E-4A27-8753-ABD3ABD52C80","0CBE0709-2436-48CB-B7B6-929890A16C55","2DDA42B7-1229-44DB-AB7E-7964E9C408C8","C39F8D50-918B-4500-9497-514BAE8409B2","0380CA00-0C72-4062-ADF1-B9D58A5B9026","05A8AF60-7E28-44B1-9AB6-7CB267545391","DB7B8A39-3C2B-4901-8CF4-D3CD6D442ACE","4C724495-0C7E-4A74-B3A7-34C2C5B715B6","77966A33-A617-46DB-867E-A8D7D4830AD9","FDF03A87-FB33-4388-BE89-90D0157C94B0","BE8EAA30-ADFA-4732-A3B5-B9308567AC13","C226F3FC-1013-493B-80B4-0FCA8FDA42D8","630B1582-63A0-409B-B8F9-A07853207F47","7BA1061E-1C4E-4138-A43A-EE497CF30DB8","8297F54D-23A4-470A-AC5A-E6311C64BC64","42928D99-A7D6-46F4-8524-94B7B0E7EF28","8E348083-A5C9-4E41-A424-EF65B7AA7A13","FCFF50D4-320B-482F-B70C-E74EF4CAFD1A","FB340F8F-9D9C-4B44-8716-C1006727F2F0","F840EE5C-35A5-437F-A821-3485E2B02196","B45D74DB-C7DD-4698-9194-6A6CA3F3C7D7","9EA4921B-8621-4F1D-891A-A92E97755863","0DDD619B-C040-4054-86B9-AEBDFEE82E73","66AB20D7-CE5C-4CCC-9489-8776E2D6E8F4","9B7E6142-C6DF-42EB-9AA1-00B179DD3518","7D2833DF-C920-4F92-B047-D3265B8AE04C","E6D4C71F-A60A-4F20-97BD-114F7A000D6F","D74B1D60-29B0-4553-B9A7-EB30B8EE3387","704FEC29-29E6-4BDE-8C88-8B04E386366D","3F1E251A-168B-43D8-AA13-FAC139EECCD7","DB8339C4-9EB4-4CB4-AD79-90D44AD43F91","D783A9E8-82A4-45CB-B0AE-40319D45610D","5A670177-468A-4826-B0BC-28E47BCAE633","55052C99-F717-486A-9BB8-D2ABF28EBF9A","ED425198-432B-4900-93B7-56B90685BE28","232B5B06-FFAC-42AB-8932-584815A68D11","61C671F2-D7AD-4F41-8E72-98D9B7F4FCCC","0565DFA7-155E-479C-9412-18CF2A7FAE58","DB48DD19-79DD-4007-875B-33D3CFF209C7","4BA1B899-D5A2-4167-B82F-064E70445629","67CC9489-B698-4ED8-A0C4-2A7C98C98C46","19C4AFCB-F37A-46BF-BA78-1CFC1EA3B88F","0550E940-6396-49CB-97FB-8F52DB174DCD","6140355D-FFBD-44C3-997A-9D49D0035B38","3AEE5362-F51B-4BFF-92D6-E03915DD0D07","83B4E82C-7726-4138-B72B-7317FB3DB141","31F964F6-68AE-404E-BCEE-771D2A2D780A","20CC2BF1-D4FA-4037-ABCB-F7D33C51DB60","C56976AC-24AB-49F5-A8EA-75B546259959","C4BB4091-6BB6-4634-85CF-900EB9BB1F5F","EC0B1BAC-9C03-40C6-9C35-45A49503CF10","490513F8-954B-4588-8ED9-313C3E04CC9F","DAD1F68C-604A-4F76-8063-6A85AC5A6742","2EC22224-4B50-4A4D-BF2E-447C16ECC699","8167D758-863B-4FDE-A8FF-AC70A0CDEEEE","67391A45-9E34-4EA3-848A-0CC389FA6947","A54CDF4D-AECF-482F-BB6F-0C60F83AC0E4","DAD20AF6-88B3-4285-ADF7-BF3099629D42","C7FF26CA-95DE-497D-A7A0-6A01B166D76D","40671731-FFC7-4993-9172-E0CB17E194FC","A748317B-6042-4AA9-8255-C3D112B17B4D","17EC6B99-1D00-4744-B2EF-A5BCC2AC9083","B61FC47C-8FBD-42BB-A389-1DE0A68D3A47","453A07F4-1D42-4FE0-9F7F-60694738293A","41C3AF17-5CFB-4C78-AF9A-D80D3D030BF0","98AF3AA3-2C6D-4086-85AB-798A7BBCCC56","F8CEA75E-7708-4B6D-BBA1-04E8FB918C24","FA9CCBAA-62A3-4134-9DBD-D8923D53EC0C","6DB82250-84EA-4720-8178-C5187573715C","95063F34-4017-4212-8A31-263DED4DB2C9","5A1EE195-D8B2-4991-A566-46DC9771B0B4","BFAA2E3F-3875-40A3-9690-289BA5563123","BAB108C0-8ED5-4269-8EEE-300B8F17503D","1CCD6246-DF47-4DEB-A885-B4D1F03D6F0C","7A898DD3-F19E-4E0D-B9E9-DC67D651834C","93F23247-6461-4474-BCD9-6E1A74F6554A","5B046356-AD1F-427A-A771-BEE9A686AA81","921C5BEE-4102-4AB5-981E-1DE42857DD6B","98E59834-DAA4-4D87-B497-44ECE528E2AE","553CA519-32BB-4C0C-84EB-4D403207C433","3386CFBC-5D9D-4A27-9932-97C76B5D8E00","99DEF990-CBD1-40C4-888C-4D349F200F1D","773F3C36-9A30-49DA-A042-0EE1CDC1F46F","780EB8DD-B382-4B57-B41B-A9519F5D8129","0B3061C7-18E8-4E93-B525-8ACE9B079E5A","0A72AF3F-992B-4F86-9E1C-A5FB2763EDF7","778ECEFB-E503-4808-92AF-C2F298E4BEE4","DFFE53B3-FD4D-4784-9A44-CF57F315BB4B","0A1E53CA-66E7-4C1F-A456-099456596579","1248B862-716B-4756-A98C-6896C991F7FC","024ECC5B-0B91-4339-9344-064ADBD529A2","17B21CF8-073D-4ED8-9F1A-EDF8438025FC","3EB1E521-7859-4ACD-AAFB-C23620717389","BFF44061-5468-4249-A3A5-7D8B2E2615E8","55FE043D-BA15-408C-8F34-AA9C235D8388","A79E4573-8A00-42F4-A41E-04EBF87F5F99","EF0C30FA-1D9B-48C5-8FAD-83BCC036E425","EBDCF9CC-E7FA-4528-A35B-14B90AA0D607","4C2FE37C-1AFD-4874-87BF-737463D7785C","BB50DB8C-3332-42B6-A008-2D83D0F09EC4","980CBFEC-15B6-4077-A1FA-B53D8DABDC1D","1B28337A-4A74-46A5-A1C1-4C4F9969C97A"]},{"@class":"BaseNode","object3D":{"@class":"BaseObject3D","id":{"uuid":"6BB137DF-1883-4714-8B94-235C8436EF4D"},"name":"MainCamera","enabled":true,"visible":true,"hitVisible":true,"camera":{"@class":"BaseComponentCamera","cameraId":{"uuid":"B138BE3C-9889-4862-B146-17A2104431E5"}},"transform":{"@class":"BaseComponentTransformable","localTransforms":{"values":[1.0,7.851271277559136e-8,-4.820304155828126e-9,0.0,-7.863405926400446e-8,0.9961947202682495,-0.08715574443340302,0.0,-2.0408719159092927e-9,0.08715574443340302,0.9961947202682495,0.0,39.62792205810547,-7.555647850036621,34.047950744628909,1.0]}},"metadata":{"importedIdentifier":"","importedName":"","isBone":false}}},{"@class":"BaseNode","object3D":{"@class":"BaseObject3D","id":{"uuid":"7AE44A81-6E53-4FC2-A185-F1B82BD94513"},"name":"MainCharacter","enabled":true,"visible":true,"hitVisible":true,"spawner":{"@class":"BaseComponentSpawner","characterScriptId":{"uuid":"33BB7D74-5DFD-4FBA-A8F4-58787EB774A2"}},"transform":{"@class":"BaseComponentTransformable","localTransforms":{"values":[1.0,0.0,0.0,0.0,0.0,1.0,0.0,0.0,0.0,0.0,1.0,0.0,28.5,-4.5,0.0,1.0]}},"metadata":{"importedIdentifier":"","importedName":"","isBone":false}}},{"@class":"BaseNode","object3D":{"@class":"BaseObject3D","id":{"uuid":"FD9634A6-8231-464D-98CF-063F571D1173"},"name":"Enemy Spider","enabled":true,"visible":true,"hitVisible":true,"transform":{"@class":"BaseComponentTransformable","localTransforms":{"values":[1.0,0.0,0.0,0.0,0.0,1.0,0.0,0.0,0.0,0.0,1.0,0.0,101.0,-4.0,0.0,1.0]}},"metadata":{"importedIdentifier":"","importedName":"","isBone":false}},"children":["65C878D2-CB78-433F-ADC4-7CBD77A65F65","000F932A-6A60-4DE7-B993-748D0C7FA703","753A5BAD-0FFA-4189-A6C7-CC979F1B3833","8DB08938-CED8-4C02-9FCA-2D827D5845E3","47A05BE7-8063-445B-B22C-442E01BD710E","5FE58E55-7BE1-492D-AE30-3094CB2C9DBC","5270A6FB-C992-46D5-B9FF-A73432F2FA36","168BDF6A-FB14-4874-800C-10BB4B3B903E","5A079B5E-EE52-4968-A1F9-837AB02ABF78","D6EE69C0-548F-43D1-A37F-34FB5B76DA4E","29438B89-987B-4DC6-8866-9E711B89C9FC","F2B5F756-2E8D-4948-BF21-B4FCB268D1C2","36125491-3D22-4582-86B3-CE5493CBFC39","B26BE956-5B7E-44BB-AE18-2F2C423D9F31","7D1DEE57-2442-498A-B677-7D9D83C7CD81","0A25D17D-2B9F-4C55-8394-F91A04D506FB"]},{"@class":"BaseNode","object3D":{"@class":"BaseObject3D","id":{"uuid":"65C878D2-CB78-433F-ADC4-7CBD77A65F65"},"name":"Model","enabled":true,"visible":true,"hitVisible":true,"colliders":[{"@class":"BaseComponentCollider","colliderId":{"uuid":"8F86DD81-50DD-4AC3-9581-BA3CF2C6EEFF"}}],"rigidBody":{"@class":"BaseComponentPhysBody","rigidBodyId":{"uuid":"AE36A36A-2B42-4B84-A799-9D215578F988"},"isEnabled":false},"transform":{"@class":"BaseComponentTransformable","localTransforms":{"values":[1.0,0.0,0.0,0.0,0.0,1.0,0.0,0.0,0.0,0.0,1.0,0.0,3.0,0.0,0.0,1.0]}},"metadata":{"importedIdentifier":"RootNode","importedName":"RootNode","isBone":false}},"children":["8B5E7071-F007-4A33-995E-72BB02B47008","31653305-43C6-47C3-86A5-BC0C698E2F48","5BF04635-E435-4292-B495-F1678465738E","C6D265D4-715A-4C1E-AE36-1679627CE9DA","0259B831-388D-4C81-91EA-C17391460BAB","B4CCC6A8-3DAE-4CD2-89C8-58ECC1AD310B","B173398F-E8EE-4768-BD6A-89F5347A14A1","8D9DAD30-195A-4A27-ADF7-FF2BED70ACC7","084EACE5-F052-4B93-953E-DCC1B1E74B69","73FD73CF-BE12-4FEE-8ABA-AD191CD97AF7","4886610F-B119-4279-8202-2B31741C77E0","846CFD9B-504F-4A98-AD1C-66D40E100ED9","901D718A-4644-49EF-9206-BAE674ABA6E8","33EE7D38-E8A5-44FC-81BB-31F351958C43","B3AC3F4D-8EE1-497C-9AAD-1CD3EE461497","32B19BA9-456F-42F8-BBE5-25B8C5B3A1A1","C6AD32AB-EC5F-4F93-A134-4BE820154CB7"]},{"@class":"BaseNode","object3D":{"@class":"BaseObject3D","id":{"uuid":"8B5E7071-F007-4A33-995E-72BB02B47008"},"name":"idle.fbx","enabled":true,"visible":true,"hitVisible":true,"timeline":{"@class":"BaseComponentTimeline","timelineId":{"uuid":"36B9EDEA-FF0B-4081-89C8-F76E94034896"}},"transform":{"@class":"BaseComponentTransformable","localTransforms":{"values":[1.0,0.0,0.0,0.0,0.0,1.0,0.0,0.0,0.0,0.0,1.0,0.0,0.0,0.0,0.0,1.0]}},"metadata":{"importedIdentifier":"","importedName":"","isBone":false}}},{"@class":"BaseNode","object3D":{"@class":"BaseObject3D","id":{"uuid":"31653305-43C6-47C3-86A5-BC0C698E2F48"},"name":"walk.fbx","enabled":true,"visible":true,"hitVisible":true,"timeline":{"@class":"BaseComponentTimeline","timelineId":{"uuid":"E32D6E09-93FE-49A8-9BBD-1DCBD023702D"}},"transform":{"@class":"BaseComponentTransformable","localTransforms":{"values":[1.0,0.0,0.0,0.0,0.0,1.0,0.0,0.0,0.0,0.0,1.0,0.0,0.0,0.0,0.0,1.0]}},"metadata":{"importedIdentifier":"","importedName":"","isBone":false}}},{"@class":"BaseNode","object3D":{"@class":"BaseObject3D","id":{"uuid":"5BF04635-E435-4292-B495-F1678465738E"},"name":"jump.fbx","enabled":true,"visible":true,"hitVisible":true,"timeline":{"@class":"BaseComponentTimeline","timelineId":{"uuid":"A15D15FC-1336-4645-977B-E0A349235737"}},"transform":{"@class":"BaseComponentTransformable","localTransforms":{"values":[1.0,0.0,0.0,0.0,0.0,1.0,0.0,0.0,0.0,0.0,1.0,0.0,0.0,0.0,0.0,1.0]}},"metadata":{"importedIdentifier":"","importedName":"","isBone":false}}},{"@class":"BaseNode","object3D":{"@class":"BaseObject3D","id":{"uuid":"C6D265D4-715A-4C1E-AE36-1679627CE9DA"},"name":"death.fbx","enabled":true,"visible":true,"hitVisible":true,"timeline":{"@class":"BaseComponentTimeline","timelineId":{"uuid":"9BD8A99E-783A-4B97-AA03-3B10A4DD5274"}},"transform":{"@class":"BaseComponentTransformable","localTransforms":{"values":[1.0,0.0,0.0,0.0,0.0,1.0,0.0,0.0,0.0,0.0,1.0,0.0,0.0,0.0,0.0,1.0]}},"metadata":{"importedIdentifier":"","importedName":"","isBone":false}}},{"@class":"BaseNode","object3D":{"@class":"BaseObject3D","id":{"uuid":"0259B831-388D-4C81-91EA-C17391460BAB"},"name":"attack.fbx","enabled":true,"visible":true,"hitVisible":true,"timeline":{"@class":"BaseComponentTimeline","timelineId":{"uuid":"476A1E9F-8C29-45CC-A166-5A4BEDDB9AD7"}},"transform":{"@class":"BaseComponentTransformable","localTransforms":{"values":[1.0,0.0,0.0,0.0,0.0,1.0,0.0,0.0,0.0,0.0,1.0,0.0,0.0,0.0,0.0,1.0]}},"metadata":{"importedIdentifier":"","importedName":"","isBone":false}}},{"@class":"BaseNode","object3D":{"@class":"BaseObject3D","id":{"uuid":"B4CCC6A8-3DAE-4CD2-89C8-58ECC1AD310B"},"name":"run.fbx","enabled":true,"visible":true,"hitVisible":true,"timeline":{"@class":"BaseComponentTimeline","timelineId":{"uuid":"3FD39C5D-DA84-420E-B7EF-C9511A78CE27"}},"transform":{"@class":"BaseComponentTransformable","localTransforms":{"values":[1.0,0.0,0.0,0.0,0.0,1.0,0.0,0.0,0.0,0.0,1.0,0.0,0.0,0.0,0.0,1.0]}},"metadata":{"importedIdentifier":"","importedName":"","isBone":false}}},{"@class":"BaseNode","object3D":{"@class":"BaseObject3D","id":{"uuid":"B173398F-E8EE-4768-BD6A-89F5347A14A1"},"name":"walk x3.fbx","enabled":true,"visible":true,"hitVisible":true,"timeline":{"@class":"BaseComponentTimeline","timelineId":{"uuid":"45117947-DEA1-48E7-8B25-E18BF0EE5822"}},"transform":{"@class":"BaseComponentTransformable","localTransforms":{"values":[1.0,0.0,0.0,0.0,0.0,1.0,0.0,0.0,0.0,0.0,1.0,0.0,0.0,0.0,0.0,1.0]}},"metadata":{"importedIdentifier":"","importedName":"","isBone":false}}},{"@class":"BaseNode","object3D":{"@class":"BaseObject3D","id":{"uuid":"8D9DAD30-195A-4A27-ADF7-FF2BED70ACC7"},"name":"HumanArmature","enabled":true,"visible":true,"hitVisible":true,"transform":{"@class":"BaseComponentTransformable","localTransforms":{"values":[0.0,0.0,100.0,0.0,100.0,0.0,0.0,0.0,0.0,100.0,0.0,0.0,0.0,0.0,0.0,1.0]}},"metadata":{"importedIdentifier":"HumanArmature","importedName":"HumanArmature","isBone":false}},"children":["9487856D-9955-49BA-AE1B-C45F8256B649"]},{"@class":"BaseNode","object3D":{"@class":"BaseObject3D","id":{"uuid":"9487856D-9955-49BA-AE1B-C45F8256B649"},"name":"Root","enabled":true,"visible":true,"hitVisible":true,"transform":{"@class":"BaseComponentTransformable","localTransforms":{"values":[1.0,4.768372150465439e-7,0.0,0.0,9.947598300641403e-14,-1.1920928955078126e-7,0.9999999403953552,0.0,4.768372150465439e-7,-0.9999999403953552,-1.1920928955078126e-7,0.0,0.0,0.0,0.0,1.0]}},"metadata":{"importedIdentifier":"Root","importedName":"Root","isBone":true}},"children":["4BFE28E5-7363-4096-94BA-FD1132D6D292","09F5FC50-6864-4EAE-AD4D-2DAA050B9BBC","F5A674AD-FA9B-4D6D-9077-D84158C48E34","9B747D26-320F-49D6-BB90-D659DD48C5C4","44273A90-B1B7-41C8-BB8D-97C5ABC1FF3B","8AE97EE4-CBDE-42A4-96D4-9AD751C53FAC","F5D21D23-E107-4A49-8C21-EC11C04C014A","19D3AB7C-6CF6-4BF6-BDC4-34C0A510B4C3","6ABE0E03-8B17-4483-BF99-DE68A793C244","B83166AC-1670-443A-AA62-DA191629898E","1CC1206C-853C-4D93-B948-EF6E0EF61E6D"]},{"@class":"BaseNode","object3D":{"@class":"BaseObject3D","id":{"uuid":"4BFE28E5-7363-4096-94BA-FD1132D6D292"},"name":"Body","enabled":true,"visible":true,"hitVisible":true,"transform":{"@class":"BaseComponentTransformable","localTransforms":{"values":[0.9972209930419922,0.07450009137392044,0.000025020115572260694,0.0,-0.07450009137392044,0.9972209930419922,-0.00002504873373254668,0.0,-0.000026816716854227708,0.000023115122530725786,1.0,0.0,0.00002063290958176367,0.015285526402294636,-0.001082584261894226,1.0]}},"metadata":{"importedIdentifier":"Body","importedName":"Body","isBone":true}},"children":["DC0C94ED-D7CF-4B0F-BF6F-B9313A6990DA","B39393F6-B0B0-4B5E-AAE6-11F209FEEC6A","30C6FD00-2FA1-4E0D-91B4-B4A37826AEC9","DBC1E768-7860-4851-A211-AFB75E345FB5","433A7B8C-B2E8-4A23-9B47-FB1817159F3D","5EB28A75-FC7E-4BD6-ABC3-1CAC85398C2C","401A1209-66F8-4412-9457-62B6E94B9F8E","D80B0483-CD15-4FEF-86AE-EC2832DCD1BE","7768A381-E1F9-4608-A0EE-D9092D0E6DDC","BD43E3DB-0C5B-4A6D-BF8F-5DDB579F8948"]},{"@class":"BaseNode","object3D":{"@class":"BaseObject3D","id":{"uuid":"DC0C94ED-D7CF-4B0F-BF6F-B9313A6990DA"},"name":"FrontLeg.L","enabled":true,"visible":true,"hitVisible":true,"transform":{"@class":"BaseComponentTransformable","localTransforms":{"values":[0.3658475875854492,-0.6406858563423157,-0.6750386953353882,0.0,0.8897210955619812,0.027974963188171388,0.45564669370651247,0.0,-0.27304214239120486,-0.7672933340072632,0.5802661180496216,0.0,0.005529494024813175,-0.007736313156783581,0.0041296109557151798,1.0]}},"metadata":{"importedIdentifier":"FrontLeg.L","importedName":"FrontLeg.L","isBone":true}},"children":["B6E0E92E-5FB4-44C8-AB7B-97EDE6396FE7"]},{"@class":"BaseNode","object3D":{"@class":"BaseObject3D","id":{"uuid":"B6E0E92E-5FB4-44C8-AB7B-97EDE6396FE7"},"name":"FrontLeg2.L","enabled":true,"visible":true,"hitVisible":true,"transform":{"@class":"BaseComponentTransformable","localTransforms":{"values":[0.9661583304405212,0.18253004550933839,0.18226586282253266,0.0,-0.24775606393814088,0.4599792957305908,0.8526641130447388,0.0,0.07179827988147736,-0.8689659833908081,0.48963576555252077,0.0,-8.940696516468449e-10,0.011648050509393216,2.98023217215615e-10,1.0]}},"metadata":{"importedIdentifier":"FrontLeg2.L","importedName":"FrontLeg2.L","isBone":true}},"children":["38775C3E-39B0-4B40-AA12-AAD38A1DA9C2"]},{"@class":"BaseNode","object3D":{"@class":"BaseObject3D","id":{"uuid":"38775C3E-39B0-4B40-AA12-AAD38A1DA9C2"},"name":"FrontLeg3.L","enabled":true,"visible":true,"hitVisible":true,"transform":{"@class":"BaseComponentTransformable","localTransforms":{"values":[0.9307478666305542,0.21395723521709443,-0.2965308725833893,0.0,-0.18351976573467256,0.9747411608695984,0.12727949023246766,0.0,0.3162732720375061,-0.06404584646224976,0.946503758430481,0.0,1.9371508841459219e-9,0.010627888143062592,-1.9371508841459219e-9,1.0]}},"metadata":{"importedIdentifier":"FrontLeg3.L","importedName":"FrontLeg3.L","isBone":true}},"children":["BC940730-51C3-42DD-9001-5596567201E3"]},{"@class":"BaseNode","object3D":{"@class":"BaseObject3D","id":{"uuid":"BC940730-51C3-42DD-9001-5596567201E3"},"name":"FrontLeg3.L_end","enabled":true,"visible":true,"hitVisible":true,"transform":{"@class":"BaseComponentTransformable","localTransforms":{"values":[1.0,0.0,0.0,0.0,0.0,1.0,0.0,0.0,0.0,0.0,1.0,0.0,0.0,0.009553616866469384,0.0,1.0]}},"metadata":{"importedIdentifier":"FrontLeg3.L_end","importedName":"FrontLeg3.L_end","isBone":false}}},{"@class":"BaseNode","object3D":{"@class":"BaseObject3D","id":{"uuid":"B39393F6-B0B0-4B5E-AAE6-11F209FEEC6A"},"name":"MidFrontLeg.L","enabled":true,"visible":true,"hitVisible":true,"transform":{"@class":"BaseComponentTransformable","localTransforms":{"values":[0.1591113805770874,-0.648557722568512,-0.7443497180938721,0.0,0.9065483212471008,0.3945528268814087,-0.14999419450759889,0.0,0.39096519351005556,-0.6509231925010681,0.6507266759872437,0.0,0.005025487393140793,-0.00818262156099081,0.0018518861616030336,1.0]}},"metadata":{"importedIdentifier":"MidFrontLeg.L","importedName":"MidFrontLeg.L","isBone":true}},"children":["91A23828-2B64-47B4-AA81-6AD29962390B"]},{"@class":"BaseNode","object3D":{"@class":"BaseObject3D","id":{"uuid":"91A23828-2B64-47B4-AA81-6AD29962390B"},"name":"MidFrontLeg2.L","enabled":true,"visible":true,"hitVisible":true,"transform":{"@class":"BaseComponentTransformable","localTransforms":{"values":[0.9885526895523071,0.13478893041610719,0.06779061257839203,0.0,-0.059104546904563907,-0.0674353837966919,0.9959713816642761,0.0,0.1388174146413803,-0.9885769486427307,-0.058696746826171878,0.0,-2.2351741291171124e-10,0.015817735344171525,-1.1175870229251928e-9,1.0]}},"metadata":{"importedIdentifier":"MidFrontLeg2.L","importedName":"MidFrontLeg2.L","isBone":true}},"children":["5F303AB9-5E34-4BBD-BD63-5CF15587FC5D"]},{"@class":"BaseNode","object3D":{"@class":"BaseObject3D","id":{"uuid":"5F303AB9-5E34-4BBD-BD63-5CF15587FC5D"},"name":"MidFrontLeg3.L","enabled":true,"visible":true,"hitVisible":true,"transform":{"@class":"BaseComponentTransformable","localTransforms":{"values":[0.8383039236068726,0.34291815757751467,-0.4238555431365967,0.0,-0.285130113363266,0.9383879899978638,0.19526606798171998,0.0,0.46470126509666445,-0.04283832758665085,0.8844306468963623,0.0,5.21540644005114e-10,0.016458386555314065,-9.173526827055412e-9,1.0]}},"metadata":{"importedIdentifier":"MidFrontLeg3.L","importedName":"MidFrontLeg3.L","isBone":true}},"children":["6B950184-0B82-4095-8F8E-1FC9F5C87AA6"]},{"@class":"BaseNode","object3D":{"@class":"BaseObject3D","id":{"uuid":"6B950184-0B82-4095-8F8E-1FC9F5C87AA6"},"name":"MidFrontLeg3.L_end","enabled":true,"visible":true,"hitVisible":true,"transform":{"@class":"BaseComponentTransformable","localTransforms":{"values":[1.0,0.0,0.0,0.0,0.0,1.0,0.0,0.0,0.0,0.0,1.0,0.0,0.0,0.00899010244756937,0.0,1.0]}},"metadata":{"importedIdentifier":"MidFrontLeg3.L_end","importedName":"MidFrontLeg3.L_end","isBone":false}}},{"@class":"BaseNode","object3D":{"@class":"BaseObject3D","id":{"uuid":"30C6FD00-2FA1-4E0D-91B4-B4A37826AEC9"},"name":"BackLeg.L","enabled":true,"visible":true,"hitVisible":true,"transform":{"@class":"BaseComponentTransformable","localTransforms":{"values":[0.08234536647796631,-0.9142789244651794,-0.39662742614746096,0.0,0.6502146124839783,0.350894570350647,-0.6738649606704712,0.0,0.7552748918533325,-0.20240327715873719,0.6233720779418945,0.0,0.0037594949826598169,-0.008062214590609074,-0.0029556509107351305,1.0]}},"metadata":{"importedIdentifier":"BackLeg.L","importedName":"BackLeg.L","isBone":true}},"children":["A5E935BF-7C29-4F9C-A2DE-56A978F1201B"]},{"@class":"BaseNode","object3D":{"@class":"BaseObject3D","id":{"uuid":"A5E935BF-7C29-4F9C-A2DE-56A978F1201B"},"name":"BackLeg2.L","enabled":true,"visible":true,"hitVisible":true,"transform":{"@class":"BaseComponentTransformable","localTransforms":{"values":[-0.5707377195358276,0.6215510964393616,-0.5365936756134033,0.0,0.732049286365509,0.6811724305152893,0.01039038598537445,0.0,0.3719709813594818,-0.38688284158706667,-0.8437768220901489,0.0,4.4703482582342249e-10,0.011086833663284779,4.2840836433910569e-10,1.0]}},"metadata":{"importedIdentifier":"BackLeg2.L","importedName":"BackLeg2.L","isBone":true}},"children":["B9E9BF5F-393D-4C22-98CB-9902C8603A75"]},{"@class":"BaseNode","object3D":{"@class":"BaseObject3D","id":{"uuid":"B9E9BF5F-393D-4C22-98CB-9902C8603A75"},"name":"BackLeg3.L","enabled":true,"visible":true,"hitVisible":true,"transform":{"@class":"BaseComponentTransformable","localTransforms":{"values":[0.3576802611351013,0.41732877492904665,-0.8354050517082214,0.0,-0.6157059669494629,0.777992844581604,0.1250326782464981,0.0,0.7021189332008362,0.46964219212532046,0.5352244973182678,0.0,-1.639127722441458e-9,0.010560235008597374,-5.9604643443123e-10,1.0]}},"metadata":{"importedIdentifier":"BackLeg3.L","importedName":"BackLeg3.L","isBone":true}},"children":["21D08B0F-33E9-4773-B54F-D0DCB5154F9C"]},{"@class":"BaseNode","object3D":{"@class":"BaseObject3D","id":{"uuid":"21D08B0F-33E9-4773-B54F-D0DCB5154F9C"},"name":"BackLeg3.L_end","enabled":true,"visible":true,"hitVisible":true,"transform":{"@class":"BaseComponentTransformable","localTransforms":{"values":[1.0,0.0,0.0,0.0,0.0,1.0,0.0,0.0,0.0,0.0,1.0,0.0,0.0,0.008719266392290593,0.0,1.0]}},"metadata":{"importedIdentifier":"BackLeg3.L_end","importedName":"BackLeg3.L_end","isBone":false}}},{"@class":"BaseNode","object3D":{"@class":"BaseObject3D","id":{"uuid":"DBC1E768-7860-4851-A211-AFB75E345FB5"},"name":"MidBackLeg.L","enabled":true,"visible":true,"hitVisible":true,"transform":{"@class":"BaseComponentTransformable","localTransforms":{"values":[0.5561057329177856,-0.8146542906761169,-0.16457463800907136,0.0,0.6151121258735657,0.5365927815437317,-0.5776723623275757,0.0,0.5589128136634827,0.22001506388187409,0.7995060086250305,0.0,0.004346474073827267,-0.008347622118890286,-0.0005788695998489857,1.0]}},"metadata":{"importedIdentifier":"MidBackLeg.L","importedName":"MidBackLeg.L","isBone":true}},"children":["814F8DD7-C6A2-401B-AF1F-3189749FE3BE"]},{"@class":"BaseNode","object3D":{"@class":"BaseObject3D","id":{"uuid":"814F8DD7-C6A2-401B-AF1F-3189749FE3BE"},"name":"MidBackLeg2.L","enabled":true,"visible":true,"hitVisible":true,"transform":{"@class":"BaseComponentTransformable","localTransforms":{"values":[-0.020960567519068719,0.631614625453949,-0.7749990820884705,0.0,0.9512884616851807,0.2510855793952942,0.17890340089797975,0.0,0.30758917331695559,-0.7334977984428406,-0.606110692024231,0.0,1.490116086078075e-10,0.014908025041222573,8.940696516468449e-10,1.0]}},"metadata":{"importedIdentifier":"MidBackLeg2.L","importedName":"MidBackLeg2.L","isBone":true}},"children":["0B277286-E212-4AD0-B378-21BA56A30932"]},{"@class":"BaseNode","object3D":{"@class":"BaseObject3D","id":{"uuid":"0B277286-E212-4AD0-B378-21BA56A30932"},"name":"MidBackLeg3.L","enabled":true,"visible":true,"hitVisible":true,"transform":{"@class":"BaseComponentTransformable","localTransforms":{"values":[0.48134714365005495,0.6272108554840088,-0.6123001575469971,0.0,-0.3593027591705322,0.7783524990081787,0.5148484706878662,0.0,0.7995039224624634,-0.027819693088531495,0.6000162959098816,0.0,-8.940696516468449e-10,0.013770407997071743,-1.19209286886246e-9,1.0]}},"metadata":{"importedIdentifier":"MidBackLeg3.L","importedName":"MidBackLeg3.L","isBone":true}},"children":["D9D20314-CCFB-45E9-AC9A-B95A8789AFCD"]},{"@class":"BaseNode","object3D":{"@class":"BaseObject3D","id":{"uuid":"D9D20314-CCFB-45E9-AC9A-B95A8789AFCD"},"name":"MidBackLeg3.L_end","enabled":true,"visible":true,"hitVisible":true,"transform":{"@class":"BaseComponentTransformable","localTransforms":{"values":[1.0,0.0,0.0,0.0,0.0,1.0,0.0,0.0,0.0,0.0,1.0,0.0,0.0,0.009156662970781327,0.0,1.0]}},"metadata":{"importedIdentifier":"MidBackLeg3.L_end","importedName":"MidBackLeg3.L_end","isBone":false}}},{"@class":"BaseNode","object3D":{"@class":"BaseObject3D","id":{"uuid":"433A7B8C-B2E8-4A23-9B47-FB1817159F3D"},"name":"FrontLeg.R","enabled":true,"visible":true,"hitVisible":true,"transform":{"@class":"BaseComponentTransformable","localTransforms":{"values":[0.8942100405693054,0.17141705751419068,0.41352707147598269,0.0,-0.44447070360183718,0.44985079765319826,0.7746483683586121,0.0,-0.05323755741119385,-0.8764989972114563,0.4784509539604187,0.0,-0.00553296972066164,-0.007736313156783581,0.0041296035051345829,1.0]}},"metadata":{"importedIdentifier":"FrontLeg.R","importedName":"FrontLeg.R","isBone":true}},"children":["F82B6A39-3C17-4F2C-8CE0-D206D8EBE4B0"]},{"@class":"BaseNode","object3D":{"@class":"BaseObject3D","id":{"uuid":"F82B6A39-3C17-4F2C-8CE0-D206D8EBE4B0"},"name":"FrontLeg2.R","enabled":true,"visible":true,"hitVisible":true,"transform":{"@class":"BaseComponentTransformable","localTransforms":{"values":[0.7399098873138428,-0.42261457443237307,0.5233834385871887,0.0,-0.1437128782272339,0.6607609987258911,0.7367099523544312,0.0,-0.6571756601333618,-0.6203158497810364,0.4281684458255768,0.0,0.0,0.011648056097328663,-7.91624155116466e-10,1.0]}},"metadata":{"importedIdentifier":"FrontLeg2.R","importedName":"FrontLeg2.R","isBone":true}},"children":["6A9780B9-AA8F-4654-BDF7-631E69F7D5C2"]},{"@class":"BaseNode","object3D":{"@class":"BaseObject3D","id":{"uuid":"6A9780B9-AA8F-4654-BDF7-631E69F7D5C2"},"name":"FrontLeg3.R","enabled":true,"visible":true,"hitVisible":true,"transform":{"@class":"BaseComponentTransformable","localTransforms":{"values":[0.9427459836006165,-0.3065621852874756,-0.1313374638557434,0.0,0.33329901099205019,0.880071759223938,0.33820921182632449,0.0,0.01190422847867012,-0.3626200556755066,0.9318610429763794,0.0,2.086162576020456e-9,0.010627884417772293,8.940696516468449e-10,1.0]}},"metadata":{"importedIdentifier":"FrontLeg3.R","importedName":"FrontLeg3.R","isBone":true}},"children":["B946C75D-9767-4C29-AC8E-16E97FC2BC8B"]},{"@class":"BaseNode","object3D":{"@class":"BaseObject3D","id":{"uuid":"B946C75D-9767-4C29-AC8E-16E97FC2BC8B"},"name":"FrontLeg3.R_end","enabled":true,"visible":true,"hitVisible":true,"transform":{"@class":"BaseComponentTransformable","localTransforms":{"values":[1.0,0.0,0.0,0.0,0.0,1.0,0.0,0.0,0.0,0.0,1.0,0.0,0.0,0.009553617797791958,0.0,1.0]}},"metadata":{"importedIdentifier":"FrontLeg3.R_end","importedName":"FrontLeg3.R_end","isBone":false}}},{"@class":"BaseNode","object3D":{"@class":"BaseObject3D","id":{"uuid":"5EB28A75-FC7E-4BD6-ABC3-1CAC85398C2C"},"name":"MidFrontLeg.R","enabled":true,"visible":true,"hitVisible":true,"transform":{"@class":"BaseComponentTransformable","localTransforms":{"values":[0.7985143661499023,0.5938977599143982,-0.09828561544418335,0.0,-0.5238465070724487,0.7659927010536194,0.37261247634887698,0.0,0.29657983779907229,-0.24604986608028413,0.9227675199508667,0.0,-0.005028961226344109,-0.00818262342363596,0.0018518788274377585,1.0]}},"metadata":{"importedIdentifier":"MidFrontLeg.R","importedName":"MidFrontLeg.R","isBone":true}},"children":["7AAFC489-8D82-4BA7-8ABC-E1B3E9109355"]},{"@class":"BaseNode","object3D":{"@class":"BaseObject3D","id":{"uuid":"7AAFC489-8D82-4BA7-8ABC-E1B3E9109355"},"name":"MidFrontLeg2.R","enabled":true,"visible":true,"hitVisible":true,"transform":{"@class":"BaseComponentTransformable","localTransforms":{"values":[0.022972047328948976,-0.9384881854057312,0.34454646706581118,0.0,-0.9038737416267395,0.12776488065719605,0.40827494859695437,0.0,-0.4271821677684784,-0.3208054304122925,-0.8453397750854492,0.0,-2.086162576020456e-9,0.015817740932106973,1.490116086078075e-10,1.0]}},"metadata":{"importedIdentifier":"MidFrontLeg2.R","importedName":"MidFrontLeg2.R","isBone":true}},"children":["FF5DE4DF-335C-46AF-ABA3-C9E4DA5575B7"]},{"@class":"BaseNode","object3D":{"@class":"BaseObject3D","id":{"uuid":"FF5DE4DF-335C-46AF-ABA3-C9E4DA5575B7"},"name":"MidFrontLeg3.R","enabled":true,"visible":true,"hitVisible":true,"transform":{"@class":"BaseComponentTransformable","localTransforms":{"values":[0.8575359582901001,-0.4767663776874542,-0.19319888949394227,0.0,0.5060304999351502,0.8493599891662598,0.15006829798221589,0.0,0.0925479307770729,-0.226453498005867,0.9696151614189148,0.0,-1.862645149230957e-9,0.016458390280604364,0.0,1.0]}},"metadata":{"importedIdentifier":"MidFrontLeg3.R","importedName":"MidFrontLeg3.R","isBone":true}},"children":["8E6979C8-EB8B-4605-B496-BEEF287CCF88"]},{"@class":"BaseNode","object3D":{"@class":"BaseObject3D","id":{"uuid":"8E6979C8-EB8B-4605-B496-BEEF287CCF88"},"name":"MidFrontLeg3.R_end","enabled":true,"visible":true,"hitVisible":true,"transform":{"@class":"BaseComponentTransformable","localTransforms":{"values":[1.0,0.0,0.0,0.0,0.0,1.0,0.0,0.0,0.0,0.0,1.0,0.0,0.0,0.008990101516246796,0.0,1.0]}},"metadata":{"importedIdentifier":"MidFrontLeg3.R_end","importedName":"MidFrontLeg3.R_end","isBone":false}}},{"@class":"BaseNode","object3D":{"@class":"BaseObject3D","id":{"uuid":"401A1209-66F8-4412-9457-62B6E94B9F8E"},"name":"BackLeg.R","enabled":true,"visible":true,"hitVisible":true,"transform":{"@class":"BaseComponentTransformable","localTransforms":{"values":[0.27699893712997439,-0.5831764936447144,-0.7636600732803345,0.0,-0.6437517404556274,0.47738808393478396,-0.5980671644210815,0.0,0.7133408784866333,0.6572715044021606,-0.2431849241256714,0.0,-0.003762960433959961,-0.008062214590609074,-0.0029556562658399345,1.0]}},"metadata":{"importedIdentifier":"BackLeg.R","importedName":"BackLeg.R","isBone":true}},"children":["8873AF47-9A46-4D04-BD25-BA6B8BFDD0B6"]},{"@class":"BaseNode","object3D":{"@class":"BaseObject3D","id":{"uuid":"8873AF47-9A46-4D04-BD25-BA6B8BFDD0B6"},"name":"BackLeg2.R","enabled":true,"visible":true,"hitVisible":true,"transform":{"@class":"BaseComponentTransformable","localTransforms":{"values":[-0.13025927543640138,0.7419769763946533,0.6576493382453919,0.0,0.5423901677131653,0.6085749268531799,-0.5791797637939453,0.0,-0.8299670815467835,0.2812590003013611,-0.48171353340148928,0.0,7.450580152834618e-10,0.011086834594607354,-8.940696516468449e-10,1.0]}},"metadata":{"importedIdentifier":"BackLeg2.R","importedName":"BackLeg2.R","isBone":true}},"children":["E53D5974-94D7-4F75-A47D-0AF2D7CE3E7F"]},{"@class":"BaseNode","object3D":{"@class":"BaseObject3D","id":{"uuid":"E53D5974-94D7-4F75-A47D-0AF2D7CE3E7F"},"name":"BackLeg3.R","enabled":true,"visible":true,"hitVisible":true,"transform":{"@class":"BaseComponentTransformable","localTransforms":{"values":[0.08710163831710816,-0.20342618227005006,-0.9752082824707031,0.0,-0.3544090688228607,0.9085564017295837,-0.2211771458387375,0.0,0.9310250282287598,0.3648875951766968,0.007040679454803467,0.0,-5.9604643443123e-10,0.010560235939919949,4.4703482582342249e-10,1.0]}},"metadata":{"importedIdentifier":"BackLeg3.R","importedName":"BackLeg3.R","isBone":true}},"children":["4ED5F76D-3427-4369-BC1B-FE798C4CD83A"]},{"@class":"BaseNode","object3D":{"@class":"BaseObject3D","id":{"uuid":"4ED5F76D-3427-4369-BC1B-FE798C4CD83A"},"name":"BackLeg3.R_end","enabled":true,"visible":true,"hitVisible":true,"transform":{"@class":"BaseComponentTransformable","localTransforms":{"values":[1.0,0.0,0.0,0.0,0.0,1.0,0.0,0.0,0.0,0.0,1.0,0.0,0.0,0.008719267323613167,0.0,1.0]}},"metadata":{"importedIdentifier":"BackLeg3.R_end","importedName":"BackLeg3.R_end","isBone":false}}},{"@class":"BaseNode","object3D":{"@class":"BaseObject3D","id":{"uuid":"D80B0483-CD15-4FEF-86AE-EC2832DCD1BE"},"name":"MidBackLeg.R","enabled":true,"visible":true,"hitVisible":true,"transform":{"@class":"BaseComponentTransformable","localTransforms":{"values":[0.46784552931785586,0.14214752614498139,-0.8723041415214539,0.0,-0.6812343001365662,0.6867912411689758,-0.2534514367580414,0.0,0.563063383102417,0.7128196954727173,0.4181480407714844,0.0,-0.004349943250417709,-0.008347622118890286,-0.0005788754788227379,1.0]}},"metadata":{"importedIdentifier":"MidBackLeg.R","importedName":"MidBackLeg.R","isBone":true}},"children":["BCFBC3C9-4BE8-47A3-BCB5-6924E1AC085C"]},{"@class":"BaseNode","object3D":{"@class":"BaseObject3D","id":{"uuid":"BCFBC3C9-4BE8-47A3-BCB5-6924E1AC085C"},"name":"MidBackLeg2.R","enabled":true,"visible":true,"hitVisible":true,"transform":{"@class":"BaseComponentTransformable","localTransforms":{"values":[0.8993274569511414,0.4329737424850464,-0.06118719279766083,0.0,-0.21545438468456269,0.3169928789138794,-0.9236314296722412,0.0,-0.38051220774650576,0.8438300490379334,0.37836650013923647,0.0,-2.2351741291171124e-10,0.0149080203846097,8.940696516468449e-10,1.0]}},"metadata":{"importedIdentifier":"MidBackLeg2.R","importedName":"MidBackLeg2.R","isBone":true}},"children":["1F45C136-F0DC-4565-9C74-E179600386CF"]},{"@class":"BaseNode","object3D":{"@class":"BaseObject3D","id":{"uuid":"1F45C136-F0DC-4565-9C74-E179600386CF"},"name":"MidBackLeg3.R","enabled":true,"visible":true,"hitVisible":true,"transform":{"@class":"BaseComponentTransformable","localTransforms":{"values":[0.313529372215271,-0.5005978345870972,-0.8069084286689758,0.0,-0.22052106261253358,0.7881381511688232,-0.5746378898620606,0.0,0.9236177802085877,0.3581061363220215,0.13671207427978517,0.0,-1.490116086078075e-10,0.013770406134426594,-5.9604643443123e-10,1.0]}},"metadata":{"importedIdentifier":"MidBackLeg3.R","importedName":"MidBackLeg3.R","isBone":true}},"children":["F4380946-9E39-44ED-BB06-4130AA434513"]},{"@class":"BaseNode","object3D":{"@class":"BaseObject3D","id":{"uuid":"F4380946-9E39-44ED-BB06-4130AA434513"},"name":"MidBackLeg3.R_end","enabled":true,"visible":true,"hitVisible":true,"transform":{"@class":"BaseComponentTransformable","localTransforms":{"values":[1.0,0.0,0.0,0.0,0.0,1.0,0.0,0.0,0.0,0.0,1.0,0.0,0.0,0.009156662970781327,0.0,1.0]}},"metadata":{"importedIdentifier":"MidBackLeg3.R_end","importedName":"MidBackLeg3.R_end","isBone":false}}},{"@class":"BaseNode","object3D":{"@class":"BaseObject3D","id":{"uuid":"7768A381-E1F9-4608-A0EE-D9092D0E6DDC"},"name":"Abdomen","enabled":true,"visible":true,"hitVisible":true,"transform":{"@class":"BaseComponentTransformable","localTransforms":{"values":[0.8799272179603577,-0.00038277459680102766,-0.00757306395098567,0.0,-0.007570547983050346,0.005450887139886618,-0.8799104690551758,0.0,0.00042966511682607234,0.8799431920051575,0.005447374191135168,0.0,0.000011716254448401742,-0.005973748862743378,-0.007593398913741112,1.0]}},"metadata":{"importedIdentifier":"Abdomen","importedName":"Abdomen","isBone":true}},"children":["83CC67BA-09D3-418B-8FA4-A44E24599A0D"]},{"@class":"BaseNode","object3D":{"@class":"BaseObject3D","id":{"uuid":"83CC67BA-09D3-418B-8FA4-A44E24599A0D"},"name":"Abdomen_end","enabled":true,"visible":true,"hitVisible":true,"transform":{"@class":"BaseComponentTransformable","localTransforms":{"values":[1.0,0.0,0.0,0.0,0.0,1.0,0.0,0.0,0.0,0.0,1.0,0.0,0.0,0.014774058945477009,0.0,1.0]}},"metadata":{"importedIdentifier":"Abdomen_end","importedName":"Abdomen_end","isBone":false}}},{"@class":"BaseNode","object3D":{"@class":"BaseObject3D","id":{"uuid":"BD43E3DB-0C5B-4A6D-BF8F-5DDB579F8948"},"name":"Thorax","enabled":true,"visible":true,"hitVisible":true,"transform":{"@class":"BaseComponentTransformable","localTransforms":{"values":[1.0,0.000002738596776907798,1.303194494539639e-7,0.0,-6.998347998887766e-7,0.20900976657867433,0.9779135584831238,0.0,0.0000026508728296903429,-0.9779135584831238,0.20900976657867433,0.0,-0.00002050084549409803,-0.006580188870429993,-0.005141007713973522,1.0]}},"metadata":{"importedIdentifier":"Thorax","importedName":"Thorax","isBone":true}},"children":["A5B0E8C5-1873-49E3-A9C3-B367ADF07A9B"]},{"@class":"BaseNode","object3D":{"@class":"BaseObject3D","id":{"uuid":"A5B0E8C5-1873-49E3-A9C3-B367ADF07A9B"},